email,subject,messageaefae@hm.com,af,faef